-0.399214710581236 0.149061815273623
-0.484120721594314 -0.213135241558296
-0.581286542136594 0.0160289043634332
-0.311148026278303 0.350052400346693
-0.579835763912642 0.00145146647091125
-0.289835926057153 -0.225522064647078
-0.564623230910758 -0.0634132253968791
-0.475699242570185 0.191273101988786
-0.319865122987052 -0.203706947056228
-0.598948900823503 0.0484931441998419
-0.352041659293851 0.247373766782663
-0.587488897003061 -0.125355749779545
-0.332865169987378 0.299804972550823
-0.586784675431035 0.00527504545123078
-0.43558633695748 0.259937561453968
-0.501653941786285 0.169708342136096
-0.582442419196965 -0.0345863851892588
-0.365260188797019 0.269951538754874
-0.291516855034153 0.394833877342301
-0.446558849049183 -0.213173753655779
-0.583819937336897 0.0841270411149048
-0.432968273088297 -0.250481345020367
-0.431239343038243 0.162646401569331
-0.577191110869702 -0.0841454122074713
-0.399571261534787 -0.175885705624653
-0.528518458224791 0.114793570858384
-0.392936966633559 0.230234563075452
-0.398245796133445 0.138534704355784
-0.463126810068328 0.190171431984648
-0.582140988077433 -0.0882080238854739
-0.528143044477734 0.0419591043913961
-0.309272115655438 0.301667313005343
-0.588120069288751 -0.0387019507636638
-0.516478547412386 0.131062030956465
-0.599745694886102 0.0790173347249549
-0.594162497595368 0.0615505073412489
-0.572442340282081 -0.142276680729947
-0.313891005965755 0.326718543738846
-0.419451573369236 0.187051623262723
-0.595627271860846 0.0639035463150079
-0.59991453950545 -0.0366900560273904
-0.592126138343901 -0.0922641503671156
-0.318573769940959 0.268937690823256
-0.570272917665422 -0.072363972528786
-0.565155483564366 0.0843546398760299
-0.532956951892874 0.0621863217805845
-0.262580940344871 0.345766085292544
-0.555304256334839 0.119178616684988
-0.552189969400216 0.0659518128142559
-0.568558177406726 0.0629332406362579
-0.397073128020889 0.123331176937457
-0.326460096423164 -0.294701430275987
-0.577572824810387 -0.167909825125532
-0.340484480930381 0.172185542356243
-0.244457942177683 -0.383745537193975
-0.549335966714981 -0.196551857135677
-0.387288505297656 -0.177116070610226
-0.540866625814927 -0.092236070706919
-0.486013159090016 0.150049419138706
-0.30027451533987 -0.1997103251074
-0.351313257214789 -0.349371172011181
-0.473800791444394 0.122950428967602
-0.599115603727785 -0.0499126089418143
-0.481237328015807 -0.131947944551649
-0.408394844765993 0.283777158735792
-0.25471450388053 0.358362615616082
-0.527850683217819 -0.197222563101902
-0.544435323886377 0.0778107100723286
-0.540352485125441 -0.108945530690607
-0.536062977903819 -0.116163045285975
-0.598921123713281 -0.11144207144098
-0.498344703833465 0.168035375886618
-0.59019985904974 -0.00714428372425283
-0.483960598602067 -0.20685226174139
-0.599832408910128 -0.0427231817395946
-0.594046053196528 -0.0207397980814217
-0.458613306310682 -0.183634537681717
-0.493497082877761 -0.14917294764423
-0.540350029400372 -0.170795543558493
-0.597257825995262 -0.087610310807477
-0.598994774143987 -0.0177921462950691
-0.309796621847617 0.254766942851736
-0.52795920790837 0.127086094256952
-0.551726365330807 0.0686232836143754
-0.200785289418764 -0.770120052149851
-0.115879278405686 -0.442576380388439
-0.0187134578634064 -0.540920612986539
-0.288851973721697 -0.88605748825259
-0.0201642360873576 -0.544728669880135
-0.310164073942847 -0.417574232781264
-0.0353767690892418 -0.49952546864683
-0.124300757429815 -0.770589885350736
-0.280134877012948 -0.265816816451922
-0.00105109917649671 -0.656866738006468
-0.247958340706149 -0.980237716624908
-0.0125111029969391 -0.543736824031685
-0.267134830012622 -0.876452472599714
-0.0132153245689646 -0.740860182025216
-0.16441366304252 -0.872113385501651
-0.0983460582137154 -0.789204660677608
-0.0175575808030349 -0.504064839090947
-0.234739811202981 -0.790094739495177
-0.308483144965847 -0.860123082742864
-0.153441150950817 -0.448618266120347
-0.0161800626631029 -0.654166652060297
-0.167031726911703 -0.359484648100345
-0.168760656961757 -0.800051805264002
-0.0228088891302978 -0.472127476043938
-0.200428738465213 -0.378536645539493
-0.071481541775209 -0.758097131138947
-0.207063033366441 -0.753710012867736
-0.201754203866555 -0.895241012813811
-0.136873189931672 -0.781797779747505
-0.0178590119225672 -0.533869611353436
-0.0718569555222657 -0.740470592754937
-0.290727884344562 -0.82819531454756
-0.0118799307112492 -0.648439700797708
-0.0835214525876141 -0.776283119811437
-0.000254305113897568 -0.63059604272502
-0.00583750240463243 -0.614860208489506
-0.0275576597179189 -0.50297125552952
-0.286108994034245 -0.851064707682708
-0.180548426630764 -0.856095136613097
-0.00437272813915413 -0.670370195569401
-8.54604945494941e-05 -0.628651448769054
-0.00787386165609882 -0.579765681394233
-0.281426230059041 -0.922930841903639
-0.0297270823345777 -0.422130952811755
-0.0348445164356339 -0.639881430687855
-0.0670430481071257 -0.810044817166875
-0.337419059655129 -0.784973285454461
-0.0446957436651606 -0.624698095886962
-0.0478100305997838 -0.68896666318436
-0.0314418225932735 -0.715611320784298
-0.202926871979111 -0.868435339527055
-0.273539903576836 -0.362532396213703
-0.0224271751896129 -0.534767790601294
-0.259515519069619 -0.795237597684053
-0.355542057822317 -0.322907840660966
-0.0506640332850193 -0.509227536177098
-0.212711494702344 -0.297368639663273
-0.059133374185073 -0.477205552057869
-0.113986840909984 -0.76098303867551
-0.299725484660129 -0.312830874927221
-0.248686742785211 -0.289830777532389
-0.126199208555606 -0.707807347514549
-0.00088439627221526 -0.575951563090555
-0.118762671984193 -0.460239340740942
-0.191605155234007 -0.804687647148307
-0.34528549611947 -0.812563353057577
-0.0721493167821813 -0.398148631514825
-0.0555646761136227 -0.76367934031615
-0.0596475148745588 -0.478524248461018
-0.0639370220961808 -0.54260279791079
-0.00107887628671899 -0.604779481568149
-0.101655296166535 -0.76015347170505
-0.00980014095025949 -0.737773899082821
-0.116039401397933 -0.439606255295777
-0.000167591089871744 -0.563371327094577
-0.00595394680347217 -0.532169825735988
-0.141386693689318 -0.438763403216493
-0.106502917122239 -0.439687422777178
-0.0596499705996275 -0.43410329138044
-0.00274217400473842 -0.498844490626984
-0.00100522585601326 -0.66559053727521
-0.290203378152383 -0.905307848869744
-0.0720407920916298 -0.629222785670997
-0.0482736346691925 -0.733598029182134
5.44265603602592 -1.01493207803481
5.38587182915122 -0.942908438574836
5.57237556321221 -1.05384920295638
5.50764580789421 -0.939467567220126
5.4792184019355 -0.877311053206154
5.44356750811522 -0.901441371608334
5.47541206690191 -0.841759742864873
5.56816175415145 -0.78145337966556
5.49390789803267 -0.705582110560356
5.47234646047142 -0.725401433894883
5.45667343533156 -0.713911579056146
5.49449653383521 -0.744103545974739
5.52305052193203 -0.770016599513884
5.50601878479789 -0.758666863931693
5.51539205153017 -0.734612324944769
5.51821484892873 -0.700176574046385
5.49501276982272 -0.512247300017132
5.48151523443618 -0.541922611883939
5.47807125119914 -0.542476594511534
5.46278100175567 -0.537609255493962
5.61558251974653 -0.554433473522173
5.58215014353832 -0.45241326004141
5.62792519530177 -0.435933418781865
5.42235419058881 -0.441341031418874
5.49266200454837 -0.455944635281019
5.43234262459838 -0.45294962325971
5.48594218975786 -0.491358796476787
5.5458001965275 -0.340967908222518
5.51453939632381 -0.291514502243384
5.47014616568038 -0.29802118984337
5.5595388989764 -0.359916435344112
5.4984982311691 -0.34957039902512
5.44696013678823 -0.255707760965102
5.54588894586729 -0.306336726478807
5.52377507809143 -0.160964369811541
5.42403202302161 -0.173416453004131
5.49916870984935 -0.117161596866472
5.48862890203625 -0.183753705010355
5.49056489817745 -0.105811657542588
5.47330196954298 0.00879349459322575
5.54205288818885 -0.0300487496581317
5.56262568196026 0.0595551806926174
5.52332418956069 -0.0476616861849611
5.50126229704766 0.00226734842430242
5.44738970465771 0.0568224807458318
5.43259554675584 0.115897128971633
5.52660433688467 0.0604450157264399
5.50520935207819 0.131431589876922
5.47350941592168 0.14178363385305
5.6134699141495 0.219280410211741
5.44730539047002 0.168363111245491
5.47230140782233 0.289537203636895
5.48287884690708 0.221292280360872
5.5284197741777 0.272625358014942
5.46368419596586 0.193970576715559
5.52989062643413 0.360297173956477
5.48191023900988 0.230717763609815
5.46113567296205 0.343122123489342
5.53533137278073 0.460362768611422
5.42407166705956 0.454108969325871
5.57964350927496 0.511356393912038
5.48272021807351 0.498553854620041
5.53379057208484 0.489617939588939
5.45799292237416 0.464418428411683
5.468639674174 0.541706039559706
5.48804010792512 0.557544698932016
5.38574055652467 0.562498735420205
5.52450222570492 0.517655569153457
5.47824406300154 0.627753153794097
5.59395780269006 0.614317525237156
5.42259468107355 0.695058242615235
5.44309181762047 0.597487388117089
5.44240430661161 0.715278701934876
5.49165879671774 0.727384488154742
5.5103642487938 0.811338877109759
5.44554166145335 0.747129845657263
5.43949940355173 0.831201998656382
5.45538745376114 0.809845582729721
5.49569067524759 0.938078299509891
5.54830221701978 0.86887831029463
5.53270565064672 0.947846152982701
5.52085676344951 0.919405627295253
5.57529260749765 0.90742709226574
5.45064728244245 0.91905994453026
5.44265603602592 0.98506792196519
3.39166529426677 -1.05991799401461
3.46280649457616 -1.01533172270262
3.37354877174419 -0.917010679166489
3.39252219116168 -0.989123050353335
3.31079693780521 -0.896778739434804
3.42253794830068 -0.815275889085093
3.42342208757826 -0.870893643652098
3.42028143384153 -0.857176989028699
3.39589869653738 -0.852179221424508
3.41760832910705 -0.743273881361595
3.39572209719841 -0.744267344133956
3.40912666630843 -0.790805086672259
3.39831445497714 -0.704177637211128
3.34921355876871 -0.721878374906116
3.48677074331753 -0.586860969181851
3.34927396972172 -0.650701169549897
3.32818069035183 -0.517254921221429
3.40177076519573 -0.585932937886271
3.37778610082152 -0.56997620575294
3.40443370130526 -0.462295200567019
3.3839379345309 -0.526460114732289
3.40022328916687 -0.61429726258572
3.30349470863252 -0.476163104732756
3.40620905213548 -0.417352464603743
3.42105203658343 -0.435575793920635
3.45674105054854 -0.49928344123509
3.39480737445263 -0.406097316276568
3.41310325682517 -0.354700529407092
3.39363297078796 -0.411776850503375
3.39448492557991 -0.392244808582635
3.37606536526572 -0.286533431621377
3.34389253676282 -0.320359348573315
3.31507384055904 -0.200330285257193
3.2958378851551 -0.159853803620986
3.33777693503353 -0.15842911627935
3.44460630884685 -0.134307514548705
3.38368746196252 -0.231798891817473
3.48008461503277 -0.0588792946900501
3.3082857600439 -0.0869651201739993
3.47902231047677 -0.0587054589553553
3.34731300722452 -0.0024029135446805
3.38678700675966 -0.0904675552124429
3.4076059836055 -0.0823331879991549
3.44323047637359 0.0624240767817312
3.45470534629816 0.0969888008887581
3.41012344515243 0.103589033210572
3.40160403413777 0.104229017955408
3.41641943245005 0.0701015613324596
3.39585315509169 0.0290220428400953
3.42836895712759 0.13295644491708
3.38978755376476 0.109566730438102
3.40686078629838 0.255484250194355
3.48460688830986 0.318281452512307
3.44301335746525 0.255645841446635
3.35489396146856 0.266962036921431
3.42290161887676 0.324053570409132
3.33812595687625 0.300132651341026
3.3344191177407 0.382023656394911
3.41713460169194 0.401381968564136
3.39362319135521 0.474343246316351
3.41577872860825 0.378775049692472
3.36676964136196 0.423836625504025
3.46563449586888 0.452582563234331
3.3291776299132 0.5244763550829
3.40558034432199 0.532585086736013
3.41750381261349 0.555718934233471
3.45190702374402 0.57748555534242
3.36788741534394 0.580877468682731
3.32669705772951 0.594165509962248
3.30655998520347 0.684392998217972
3.40135517540994 0.695311474582254
3.42154197984171 0.692348828968551
3.37419938579823 0.716664014141542
3.4660442950793 0.823100400331666
3.36547317023902 0.748682013207788
3.47286868022856 0.785951011262259
3.44314721486961 0.861905092442874
3.56132165727612 0.811601558431871
3.38341938412288 0.864668241938232
3.31910862832223 0.96149186022332
3.46556350444173 1.03688628811378
3.39713247685546 0.911682948800788
3.41916556679832 0.971734964943089
3.38377041649736 1.02235541651098
3.39166529426677 0.940082005985388
4.98797542646679 1.0012038956166
5.06256467335284 1.00194307111933
5.00922732070235 1.06321150813327
5.00371368924407 0.959960714255713
5.0921193331018 1.00865080865864
5.11161744321092 1.02541538204218
5.27244334755673 1.00355585197334
5.20834128554905 1.07829734713147
5.13815055293806 1.07323972597047
5.20038034059978 1.02738672062406
5.23765181388434 0.934742107990558
5.34619436933556 0.943613309108823
5.31278359259731 1.0946461051291
5.30573196846389 1.00816333854944
5.32883411610377 1.04571670353735
5.32577641248709 1.06865492396324
5.34479035038036 0.941958909780569
5.44247755065587 0.998531935364326
5.39267089920684 1.00984434201277
5.47535787326702 1.04748562179913
5.48391369283674 0.961827866550923
5.47925328551292 1.06221432925013
5.43404735821228 1.00681874722873
5.55651272939469 0.934856477682299
5.5856217861782 1.0721109029581
5.63225411874431 0.892114952358623
5.63525433010987 1.11186211753411
5.71565179642965 1.03925635412726
5.68459135968866 0.965497685897702
5.69010685118322 0.921965244080145
5.66356246248698 1.01630290870675
5.71618741105731 1.03161733183796
5.74660117290405 1.00446913880832
5.85602742205747 0.94179375647936
5.77909890474884 0.910196345602233
5.79301635925716 1.03418149105338
5.89787405839869 0.937558855416143
5.90863916618869 0.920547734656067
5.84107663437441 0.999525399042781
5.91135411362617 1.01148685328885
5.94063249727794 0.970543734772977
5.96949138897858 1.0640654968654
5.97973025100176 1.04578151371483
5.03396944133917 1.10762202723002
5.08039346049245 0.975880569835731
4.99119160578914 1.05874870663153
5.04826543125217 0.937465836951547
5.06465161057272 0.977242021321722
5.07407404660526 0.964245548136279
5.04081933883758 0.925409489255699
5.12843094834378 1.02585837184747
5.15145327313547 1.03668409907696
5.21306977066117 1.02648871752488
5.26039132280509 1.07138252265795
5.14127369172832 0.973205711991852
5.29851813695545 0.996614502295627
5.26167105761727 0.958626004124486
5.39556842818378 0.957579467942803
5.34739008634256 1.03148925368724
5.38083245040532 1.02881297915907
5.41255631457263 0.985953734300011
5.50032165807626 1.01064525449995
5.49729163390989 1.00002689923938
5.51773787024699 1.02625714116639
5.45552764217821 0.99598233878748
5.51971260530959 0.923835650218044
5.51541408034142 1.00204081041246
5.60673905828866 1.01003098268812
5.48445470225185 1.00969936160123
5.60326205785791 1.01962693911353
5.67084290802834 1.03213483934788
5.66349799045865 0.978066890593628
5.65704259011438 1.0429951581095
5.72694597705539 0.967329996150371
5.73286208507427 0.984903490343103
5.85348052578768 1.05475460968651
5.81200993630939 0.923243855254595
5.88818275520244 1.06728933615981
5.87764578066041 1.05683832204504
5.96758491638633 1.06419924103738
5.86900877122318 1.00009790635872
5.99365047651245 0.982508229317493
5.90674194926873 1.03616236987407
5.96998580991988 0.977561788884464
3.35193796507895 2.66600393404608
1.61140676060164 1.17029847121693
3.38390805403471 2.7475420847509
1.999094151856 2.15831379813798
1.00055556697879 -0.0642938151564177
3.85085684313965 -3.18181313833262
1.69223934124926 1.81794388079087
1.47107111605119 0.926100904338318
4.17411498816602 3.50594974449087
2.4303924838505 -2.0243980223163
1.01798329081469 0.458625399673074
3.21108441304865 -2.9332272813454
1.4578726862159 -1.27815183768698
4.30787148753678 3.38933984290476
3.74227736465866 2.96475290440277
1.68481545137978 1.78621778857204
1.03578058574298 0.136844999421514
2.12192663010698 1.8536180085139
1.23817773693891 -1.0957805917222
1.08297552551416 -0.54836138881946
2.70523456509341 2.67088245251263
3.53528970590998 -2.78457133868039
1.99454665576246 -2.0590409673333
1.02021526442953 0.0970780442467089
2.77565157903008 2.52761593494221
1.0205430976225 -0.412078827577226
2.52520946735293 -2.40146401471771
4.04799224467273 3.29746551177568
1.00229841588891 -0.0238388617342715
3.35199033785235 -3.19329246428321
3.97687265651969 -3.37080451834132
1.08041729945304 -0.505352809121962
1.25862273641115 0.763967921973725
3.39843992180248 3.18709222181019
2.5397863767282 2.44279713260935
1.64973003936254 1.79894902549266
4.38372074187176 -2.9907661810075
1.14520523869192 -0.617491653259748
3.92131893283187 -3.16102215225023
1.55983627793453 1.27210551368163
1.62674417160522 1.33215129925118
2.70144427365189 2.49763613942924
1.41462167452179 -1.2492070546055
1.69592985729647 1.7243582474042
1.01055671345834 0.211946976893379
4.34212191983217 3.36331970250491
2.68891856584917 2.52543399571028
2.25942184113904 1.96540857381826
3.37737250653127 2.72909683571065
2.625180891831 2.43279768358441
1.59667752497877 1.64052798409973
2.54905152385276 2.3452443827782
2.31634836248253 2.41897906781408
1.03996261150083 0.335116748444676
2.03200626645227 1.96172973485603
2.30147852377523 -1.9609056873109
1.22361177323693 0.590909811696699
1.37299208826171 -1.30491500593148
2.53479615612529 2.33567241253176
2.64993740767967 -2.45305828242429
2.5827772734496 -2.51588798089784
1.41741053214918 -1.11193780787525
3.59342152794585 2.67364057423791
1.5971001486428 -1.58384004046303
1.00396465477285 0.00191943225862986
1.16446215024827 -1.02928750133882
1.77047508820402 -1.58975133950262
3.62485425351268 -3.15872567926873
1.31332591732575 -1.06903713834574
4.02776357744774 3.32626116688224
3.75699126071451 3.17504483635156
2.53146202755161 2.08082699709702
4.01333057603211 -3.23487107279707
1.59797191271585 -1.50115841369262
2.21363778595544 -1.91852431293351
1.01778690555347 -0.609020814240532
1.73744664954084 1.56096486570987
3.59103612145957 3.17572898761523
1.4782955267235 -1.24871556301331
1.93386626494568 1.84085351441765
1.99884919268641 2.22356345892687
2.18201943432026 -2.14841585526119
1.63429451393273 1.33069977867046
2.14033755995129 -2.00877647847767
3.53992130749319 2.77845967298729
1.25870596801601 -1.24411166123219
2.53571149715172 -2.45940300603659
2.87459792396263 -2.27313036646038
1.10520933879818 0.58662428417432
3.59267813249772 2.98935400924605
4.22233596062272 -3.09690238932145
3.72535938157216 -3.4464232265183
1.00684611187792 0.0180780433602261
4.00426390848511 3.45576700779246
1.31452327064378 -0.841461232232213
2.82205473346226 2.37395196708071
1.36588633162327 1.11940547819532
1.32462740216655 1.05268481613736
1.06753735226702 -0.619496308003807
2.41075736130913 2.4601226531552
1.00896411766814 -0.394164642985784
1.33473507428055 -1.21037531065665
1.43767389015447 -1.42043428403288
3.14411422789758 2.72995561818389
1.00208936891437 0.142352861585569
3.72886296659394 3.28474558097981
3.27471580140714 -3.01493433788901
1.25499357043174 -1.11362738763
3.68493434073811 -3.03082694755279
1.03073763714934 -0.471932044210426
1.37179442350911 1.0497344723592
1.08687007911537 -0.520123782156863
1.01106170539704 0.0832339877908672
1.10754224061478 0.289360564281322
2.03303093602515 1.7585267619032
3.5284854098614 3.00002010093989
1.0098392399171 -0.00186833295267295
1.84059877952447 2.00501285027963
1.03130701345587 0.452341272802964
2.37167801165494 2.4820414282526
1.10414984991905 -0.153155512970409
3.12128679743244 -2.62939158228775
1.22626810357895 0.926482423477278
1.00154162425355 -0.054234492982765
1.66685233565334 1.37880698698752
1.15147198959869 0.785453361029798
1.35633708015537 1.07221259002967
1.29041076181739 -0.844517478209702
1.38765090737512 -1.14508115587683
1.65917885930178 1.4620922476172
1.02514122049677 0.390773248575222
3.33655033954086 2.72559778877241
1.31782059746028 0.899207008768414
2.01418797925536 1.93187053473191
1.60194811194611 -1.256080187652
1.06409962391954 0.490448786681532
4.23165949433903 3.63569017382573
1.0022037248542 -0.126697978258193
1.02528130621452 -0.236265841918676
4.34937983376991 -3.2504819013506
1.02018898613599 -0.55958251768657
4.43537167780184 3.30519293864832
3.61680385774449 -3.00839224527745
4.02806618822443 3.20551164141059
1.09029212786541 -0.724385644392044
2.48204499238079 -2.18077879538996
2.90115745080891 -2.91870607794018
3.95519677668192 -3.35429133262579
3.12326032174679 -2.6063443627726
3.11133555171952 2.44780268021119
2.70421228700248 -2.38988179106637
1.6447660472977 -1.62994631833736
3.93865911786366 -3.22890238496577
3.45882004050334 3.00450764310407
3.16566728518756 -2.68446477934168
1.08565495372372 -0.781898628416104
2.45270463369072 2.26756672853608
1.32204663164493 1.00720746910082
2.58359521432027 2.49674757066409
1.2154303129104 0.50882228376661
2.23356953404374 -2.12346180308868
1.19066704562198 -0.652592568014145
1.00000151936336 0.0474352575493062
1.40113849248295 1.21784396426531
1.79975878294543 -1.31925620611953
3.02442593587559 -2.77629600175532
1.00458258506208 -0.0326316372528492
2.9577798280182 2.60669400565428
5.64806203492105 -3.14957994221882
7.38859323939836 -1.44495468808047
5.61609194596529 -2.9521371596361
7.000905848144 -2.07615983732807
7.99944443302121 0.344737274077707
5.14914315686035 2.9333199543876
7.30776065875074 -1.33580013634491
7.52892888394881 -1.25608841278303
4.82588501183398 -3.37349990547336
6.5696075161495 2.43081816619182
7.98201670918531 -0.547126654558626
5.78891558695135 2.71975407216037
7.5421273137841 1.19210146828714
4.69212851246322 -3.09157515516458
5.25772263534134 -3.05079159480082
7.31518454862022 -1.25873276117505
7.96421941425702 -0.461554961619183
6.87807336989302 -1.87348701808144
7.76182226306109 0.815182608975936
7.91702447448584 0.856631152012942
6.29476543490659 -2.87180648395724
5.46471029409002 3.17659156424431
7.00545334423754 1.83102255918492
7.97978473557047 -0.134687680825009
6.22434842096992 -2.2377820785901
7.9794569023775 0.214369046268247
6.47479053264707 2.26783841489209
4.95200775532727 -3.2838860671264
7.99770158411109 0.376230341679509
5.64800966214765 2.91452900527357
5.02312734348031 3.16363215349731
7.91958270054696 0.58540796462112
7.74137726358885 -0.827119561326229
5.60156007819752 -3.20235505905843
6.4602136232718 -2.18858451818633
7.35026996063746 -1.45359047636522
4.61627925812824 3.49976215953667
7.85479476130808 0.668665434595951
5.07868106716813 3.54636798966538
7.44016372206547 -1.28868352036679
7.37325582839478 -1.1277351136398
6.29855572634811 -2.30095914334364
7.58537832547821 1.12733793031629
7.30407014270353 -1.22202823806612
7.98944328654166 -0.150861228503467
4.65787808016783 -3.35577522871755
6.31108143415083 -2.35801895820955
6.74057815886096 -2.18371469557634
5.62262749346873 -2.72593228123558
6.374819108169 -2.61802370791071
7.40332247502123 -1.38825885150146
6.45094847614724 -2.61058060707476
6.68365163751747 -2.00621205738103
7.96003738849917 -0.41510713892097
6.96799373354773 -2.11378886205771
6.69852147622477 2.3220324157824
7.77638822676307 -1.04075494970664
7.62700791173829 1.15571668415849
6.46520384387471 -2.42049848914995
6.35006259232033 2.50900792279583
6.4172227265504 2.37699788636336
7.58258946785082 1.16270020564339
5.40657847205414 -3.22966978205262
7.4028998513572 1.48403876529732
7.99603534522715 0.255203792427867
7.83553784975173 0.816049134271622
7.22952491179598 1.67769911632393
5.37514574648732 2.92467604744125
7.68667408267425 0.858813118766029
4.97223642255226 -3.29155522671985
5.24300873928549 -2.84268077022171
6.46853797244839 -2.42903498011139
4.98666942396789 3.51960880514398
7.40202808728415 1.46254403205024
6.78636221404456 2.26151847610905
7.98221309444653 0.477843815830268
7.26255335045916 -1.68373996965155
5.40896387854043 -2.88376477716868
7.5217044732765 1.39413224787831
7.06613373505432 -1.94992614857458
7.00115080731359 -1.79776007233837
6.81798056567974 2.06162624975875
7.36570548606727 -1.6884269549246
6.85966244004871 1.96338591211472
5.46007869250681 -3.26203568116002
7.74129403198399 0.969455444368655
6.46428850284828 2.25480793115139
6.12540207603737 2.35528432727029
7.89479066120182 -0.306180825253031
5.40732186750228 -3.23784719319107
4.77766403937728 3.57904613376741
5.27464061842784 3.11643571807359
7.99315388812208 0.114371795657287
4.99573609151489 -3.04934686391694
7.68547672935622 0.752959977346662
6.17794526653774 -2.58742517626574
7.63411366837673 -1.20545584759515
7.67537259783345 -0.754920128397175
7.93246264773298 0.533457617605754
6.58924263869087 -1.93263762575822
7.99103588233186 0.069454680788115
7.66526492571945 1.19050630108911
7.56232610984553 1.13983630128661
5.85588577210242 -2.42168585499041
7.99791063108563 -0.343276893030178
5.27113703340606 -2.89272535541589
5.72528419859286 2.78691592974063
7.74500642956826 1.0760177510517
5.31506565926189 3.3206608039049
7.96926236285066 0.274222262901447
7.62820557649089 -1.18336007218482
7.91312992088463 0.533703226806139
7.98893829460296 0.26915749215437
7.89245775938522 -0.568124023290957
6.96696906397485 -1.96569912674721
5.4715145901386 -2.91996494544073
7.9901607600829 -0.0612833063998309
7.15940122047553 -2.02027568752787
7.96869298654413 -0.198128658379941
6.62832198834506 -2.13668287912516
7.89585015008095 0.662151491499586
5.87871320256756 2.68056536362396
7.77373189642105 -0.541136586062128
7.99845837574645 0.0376564862976045
7.33314766434666 -1.17439080137615
7.84852801040131 -0.588776364944207
7.64366291984463 -1.19408171431888
7.70958923818261 1.34684748754779
7.61234909262488 1.20616690426674
7.34082114069822 -1.45454777382984
7.97485877950323 -0.223358211074491
5.66344966045914 -2.9439039105305
7.68217940253972 -0.896042454293342
6.98581202074464 -2.11709655905821
7.39805188805389 1.50834932025027
7.93590037608046 -0.755785010978097
4.76834050566097 -3.22292316339267
7.9977962751458 0.0467075877818992
7.97471869378548 0.084206714716993
4.65062016623009 3.6116086298221
7.97981101386401 0.109737379676632
4.56462832219816 -3.45439126042131
5.38319614225551 2.92356616865926
4.97193381177557 -3.14956200103904
7.90970787213459 0.585495549857562
6.51795500761921 2.23154119315809
6.09884254919109 2.36267687012547
5.04480322331808 3.25449005746008
5.87673967825321 2.8634675874591
5.88866444828048 -2.66104104727839
6.29578771299752 2.47782956788768
7.3552339527023 1.39589668650989
5.06134088213634 3.01867836538606
5.54117995949666 -2.96980170294168
5.83433271481244 3.01682884547153
7.91434504627628 0.433690645401734
6.54729536630928 -1.98282899618916
7.67795336835507 -1.04582185074321
6.41640478567973 -2.15375340748855
7.7845696870896 -0.639999282176874
6.76643046595626 2.000686699147
7.80933295437802 0.944556778460697
7.99999848063664 0.0979814273156957
7.59886150751705 -1.32691659842224
7.20024121705457 1.74505959270804
5.97557406412441 2.68950639625288
7.99541741493792 -0.325095539001283
6.0422201719818 -2.65208457201723
-0.399214710581236 0.149061815273623
-0.484120721594314 -0.213135241558296
-0.581286542136594 0.0160289043634332
-0.311148026278303 0.350052400346693
-0.579835763912642 0.00145146647091125
-0.289835926057153 -0.225522064647078
-0.564623230910758 -0.0634132253968791
-0.475699242570185 0.191273101988786
-0.319865122987052 -0.203706947056228
-0.598948900823503 0.0484931441998419
-0.352041659293851 0.247373766782663
-0.587488897003061 -0.125355749779545
-0.332865169987378 0.299804972550823
-0.586784675431035 0.00527504545123078
-0.43558633695748 0.259937561453968
-0.501653941786285 0.169708342136096
-0.582442419196965 -0.0345863851892588
-0.365260188797019 0.269951538754874
-0.291516855034153 0.394833877342301
-0.446558849049183 -0.213173753655779
-0.583819937336897 0.0841270411149048
-0.432968273088297 -0.250481345020367
-0.431239343038243 0.162646401569331
-0.577191110869702 -0.0841454122074713
-0.399571261534787 -0.175885705624653
-0.528518458224791 0.114793570858384
-0.392936966633559 0.230234563075452
-0.398245796133445 0.138534704355784
-0.463126810068328 0.190171431984648
-0.582140988077433 -0.0882080238854739
-0.528143044477734 0.0419591043913961
-0.309272115655438 0.301667313005343
-0.588120069288751 -0.0387019507636638
-0.516478547412386 0.131062030956465
-0.599745694886102 0.0790173347249549
-0.594162497595368 0.0615505073412489
-0.572442340282081 -0.142276680729947
-0.313891005965755 0.326718543738846
-0.419451573369236 0.187051623262723
-0.595627271860846 0.0639035463150079
-0.59991453950545 -0.0366900560273904
-0.592126138343901 -0.0922641503671156
-0.318573769940959 0.268937690823256
-0.570272917665422 -0.072363972528786
-0.565155483564366 0.0843546398760299
-0.532956951892874 0.0621863217805845
-0.262580940344871 0.345766085292544
-0.555304256334839 0.119178616684988
-0.552189969400216 0.0659518128142559
-0.568558177406726 0.0629332406362579
-0.397073128020889 0.123331176937457
-0.326460096423164 -0.294701430275987
-0.577572824810387 -0.167909825125532
-0.340484480930381 0.172185542356243
-0.244457942177683 -0.383745537193975
-0.549335966714981 -0.196551857135677
-0.387288505297656 -0.177116070610226
-0.540866625814927 -0.092236070706919
-0.486013159090016 0.150049419138706
-0.30027451533987 -0.1997103251074
-0.351313257214789 -0.349371172011181
-0.473800791444394 0.122950428967602
-0.599115603727785 -0.0499126089418143
-0.481237328015807 -0.131947944551649
-0.408394844765993 0.283777158735792
-0.25471450388053 0.358362615616082
-0.527850683217819 -0.197222563101902
-0.544435323886377 0.0778107100723286
-0.540352485125441 -0.108945530690607
-0.536062977903819 -0.116163045285975
-0.598921123713281 -0.11144207144098
-0.498344703833465 0.168035375886618
-0.59019985904974 -0.00714428372425283
-0.483960598602067 -0.20685226174139
-0.599832408910128 -0.0427231817395946
-0.594046053196528 -0.0207397980814217
-0.458613306310682 -0.183634537681717
-0.493497082877761 -0.14917294764423
-0.540350029400372 -0.170795543558493
-0.597257825995262 -0.087610310807477
-0.598994774143987 -0.0177921462950691
-0.309796621847617 0.254766942851736
-0.52795920790837 0.127086094256952
-0.551726365330807 0.0686232836143754
-0.200785289418764 -0.770120052149851
-0.115879278405686 -0.442576380388439
-0.0187134578634064 -0.540920612986539
-0.288851973721697 -0.88605748825259
-0.0201642360873576 -0.544728669880135
-0.310164073942847 -0.417574232781264
-0.0353767690892418 -0.49952546864683
-0.124300757429815 -0.770589885350736
-0.280134877012948 -0.265816816451922
-0.00105109917649671 -0.656866738006468
-0.247958340706149 -0.980237716624908
-0.0125111029969391 -0.543736824031685
-0.267134830012622 -0.876452472599714
-0.0132153245689646 -0.740860182025216
-0.16441366304252 -0.872113385501651
-0.0983460582137154 -0.789204660677608
-0.0175575808030349 -0.504064839090947
-0.234739811202981 -0.790094739495177
-0.308483144965847 -0.860123082742864
-0.153441150950817 -0.448618266120347
-0.0161800626631029 -0.654166652060297
-0.167031726911703 -0.359484648100345
-0.168760656961757 -0.800051805264002
-0.0228088891302978 -0.472127476043938
-0.200428738465213 -0.378536645539493
-0.071481541775209 -0.758097131138947
-0.207063033366441 -0.753710012867736
-0.201754203866555 -0.895241012813811
-0.136873189931672 -0.781797779747505
-0.0178590119225672 -0.533869611353436
-0.0718569555222657 -0.740470592754937
-0.290727884344562 -0.82819531454756
-0.0118799307112492 -0.648439700797708
-0.0835214525876141 -0.776283119811437
-0.000254305113897568 -0.63059604272502
-0.00583750240463243 -0.614860208489506
-0.0275576597179189 -0.50297125552952
-0.286108994034245 -0.851064707682708
-0.180548426630764 -0.856095136613097
-0.00437272813915413 -0.670370195569401
-8.54604945494941e-05 -0.628651448769054
-0.00787386165609882 -0.579765681394233
-0.281426230059041 -0.922930841903639
-0.0297270823345777 -0.422130952811755
-0.0348445164356339 -0.639881430687855
-0.0670430481071257 -0.810044817166875
-0.337419059655129 -0.784973285454461
-0.0446957436651606 -0.624698095886962
-0.0478100305997838 -0.68896666318436
-0.0314418225932735 -0.715611320784298
-0.202926871979111 -0.868435339527055
-0.273539903576836 -0.362532396213703
-0.0224271751896129 -0.534767790601294
-0.259515519069619 -0.795237597684053
-0.355542057822317 -0.322907840660966
-0.0506640332850193 -0.509227536177098
-0.212711494702344 -0.297368639663273
-0.059133374185073 -0.477205552057869
-0.113986840909984 -0.76098303867551
-0.299725484660129 -0.312830874927221
-0.248686742785211 -0.289830777532389
-0.126199208555606 -0.707807347514549
-0.00088439627221526 -0.575951563090555
-0.118762671984193 -0.460239340740942
-0.191605155234007 -0.804687647148307
-0.34528549611947 -0.812563353057577
-0.0721493167821813 -0.398148631514825
-0.0555646761136227 -0.76367934031615
-0.0596475148745588 -0.478524248461018
-0.0639370220961808 -0.54260279791079
-0.00107887628671899 -0.604779481568149
-0.101655296166535 -0.76015347170505
-0.00980014095025949 -0.737773899082821
-0.116039401397933 -0.439606255295777
-0.000167591089871744 -0.563371327094577
-0.00595394680347217 -0.532169825735988
-0.141386693689318 -0.438763403216493
-0.106502917122239 -0.439687422777178
-0.0596499705996275 -0.43410329138044
-0.00274217400473842 -0.498844490626984
-0.00100522585601326 -0.66559053727521
-0.290203378152383 -0.905307848869744
-0.0720407920916298 -0.629222785670997
-0.0482736346691925 -0.733598029182134
